speaker	sex	year	age	ethnicity	schooling	transcribed	total	nvowels
1	m	2000	21	i/r	14	2810.733	2814.345	3078
2	f	2000	52	o/i	12	2813.321	2826.45	3702
3	m	2000	18	i	12	3706.089	3717.926	5885
4	m	2000	18	i	12	2777.893	3957.084	3884
5	m	2000	70	i	12	2739.913	2758.806	4119
6	f	2000	65	a	12	1200.988	2689.271	1376
7	f	2002	93	w	10	1200.568	2587.36	1471
8	f	2002	16	s	10	483.747	492.168	258
21	m	2004	21	w	15	904.707	3799.509	859
22	f	2004	78	w	12	3197.219	3219.146	3213
23	m	2004	83	w	12	2825.828	3219.146	1396
24	f	2004	17	p/g	11	1202.773	3732.191	836
25	m	2004	65	r	12	1803.14	4575.861	2565
26	f	2004	45	h	16	1199.808	2080.042	1322
27	f	2004	17	h	12	1197.348	1622.381	1446
28	f	2004	11	h	6	1675.773	1708.596	1518
29	f	2004	25	h	12	1276.952	1297.215	1480
30	f	2004	11	h	6	1186.288	2297.029	339
31	f	2004	11	h	6	1484.344	1488.372	1160
32	f	2004	11	h	6	868.413	880.588	713
33	f	2004	91	j	12	1201.521	3372.388	1585
34	m	2004	25	w/j	18	4877.946	4889.268	2267
35	f	2004	18	w/j	13	4507.861	4528.324	2477
36	f	2006	65	o	12	6987.164	6994.306	5234
37	m	2006	65	r/g	12	6994.295	6994.306	3800
38	f	2006	20	i	16	1325.329	1325.34	1343
39	f	2006	35	r/o	12	2621.049	2628.486	3511
40	f	2006	28	r	16	4341.369	4362.038	5610
41	f	2006	63	r	16	4247.131	4253.016	1560
42	m	2006	63	r	12	4241.4	4253.016	4074
43	f	2006	61	i	12	3715.226	3725.192	5511
44	m	2006	62	r	16	4243.092	4259.815	4503
45	f	2006	41	i	16	2747.997	2766.313	3562
46	f	2006	29	w/p/j	18	2981.42	3000	3833
48	f	2006	22	p/r/o	16	3637.803	3645.256	4919
49	f	2006	65	i	16	4486.837	4505.539	4752
47	f	2006	60	i	12	3715.173	3739.732	5837
50	m	2008	59	i	12	2470.638	2494.637	2257
51	f	2008	52	i		1798.669	2400	2099
52	m	2008	59	i		1817.219	2926.474	2151
53	f	2010	42	i	13	3239.538	4947.063	1146
54	m	2010	19	r/i	13	1824.49	1827.132	2561
55	f	2010	65	i	12	2960.418	2964.856	4799
56	f	2010	30	i/r	18	2791.453	2794.754	3735
57	m	2010	20	i	14	2037.603	2040.57	2788
59	m	2010	45	i	16	2660.603	2697.23	2070
60	m	2010	54	i	16	2277.038	2314.627	1393
61	m	2010	22	i	13	2155.506	2189.549	1187
58	f	2010	22	i	14	5707.903	5710.623	5704
62	f	2010	77	i	12	1852.388	1852.395	1344
63	m	2010	25	i	8	696.413	709.788	661
64	m	2010	25	i	11	701.633	709.788	152
65	f	2010	88	i	12	1989.382	1990.786	2226
66	m	2010	40	i	13	1912.973	1914.81	1840
67	m	2010	67	i	12	6661.908	6664.313	4108
68	f	2010	64	i	12	6664.301	6664.313	5071
69	f	2010	32	w/o	18	3197.962	3198.409	5764
70	m	2010	55	i	12	1801.654	2510.541	2452
71	m	2010	46	j	18	1800.963	5105.046	2321
72	m	2010	50	i	12	723.343	723.348	820
9	f	2002	14	h	8	2350.916	2377.081	2181
10	f	2002	8	h	2	901.181	2290.447	645
11	f	2002	14	h	8	903.341	3215.85	887
12	f	2002	19	a	12	1620.885	1632.822	1111
13	f	2002	17	w	10	597.898	1699.546	683
14	f	2002	16	h	11	3697.971	3715.871	1888
15	f	2002	63	r	10	902.565	2566.67	1345
16	f	2002	59	r/w	11	901.588	4571.302	1196
17	f	2002	66	w	7	900.608	2227.766	1185
18	f	2002	45	a	11	5182.947	5186.255	1768
19	m	2002	46	a	12	2665.817	2675.911	4073
20	m	2002	44	a	10	908.82	2852.697	1198
83	m	1973	14	r/g	9	1799.566	2880	1446
84	m	1973	12	i	7	1792.063	2880	891
85	m	1973	25	g	10	904.051	2860.105	1413
86	f	1973	41	r	10	2836.423	2854.372	4127
87	f	1973	31	r	12	3258.513	3297.34	2333
88	m	1973	84	r	4	3496.405	3517.295	5042
89	f	1973	16	w	10	1875.444	3541.156	1747
90	f	1973	78	i	12	5896.7	5909.125	7867
91	f	1973	23	i	12	3742.328	3755.414	3892
93	f	1973	45	i	11	4909.185	4922.932	6385
94	f	1973	72	r	8	1794.036	3292.24	1886
95	f	1973	58	i	6	1799.668	2557.702	1339
96	m	1973	65	i	u	1793.128	3183.805	1255
97	f	1973	69	i	8	3248.941	3252.983	2711
98	f	1973	65	i	8	1799.589	2988.468	1606
92	f	1973	52	i	12	1802.836	2932.158	2670
99	f	1974	42	w	16	1775.113	3000	981
100	f	1974	15	w	10	3262.776	3274.481	1591
101	f	1974	15	w	10	3262.776	3274.481	1258
102	f	1974	11	w	6	3137.003	3183.354	2406
103	f	1974	11	w	6	3183.202	3183.354	1157
104	f	1974	50	w	12	3298.859	3300	1551
105	m	1974	52	w	14	3294.664	3300	2101
106	f	1974	35	w	12	3279.282	3293.234	2102
107	m	1974	41	w	15	3260.772	3293.234	1897
108	f	1974	9	w	4	3366.631	3377.634	2493
109	f	1974	8	w	4	3355.683	3377.634	1298
110	m	1974	14	w	9	6629.479	6649.435	4530
111	m	1974	14	w	9	6615.655	6649.435	3298
112	m	1974	67	r	12	1803.458	3573.353	2751
113	m	1974	51	r	10	1198.958	2936.796	1646
114	f	1974	63	r	7	1806.562	3618.865	1141
115	m	1974	46	w	12	1198.493	3697.23	502
116	f	1974	15	j	10	1202.423	2520	956
117	m	1974	54	j	4	2404.83	2870.31	2098
118	f	1974	52	j	12	2404.392	2870.31	525
119	m	1974	30	w	12	1798.362	2520	961
120	m	1974	19	i	9.5	2851.713	2856.421	5222
121	m	1974	30	i/r	10	5400.504	5787.985	4368
122	f	1974	30	i	u	2345.383	2864.089	2874
123	m	1974	20	i	9	2857.828	2869.729	1117
124	f	1974	15	i	9	2851.37	2869.729	1542
125	f	1974	21	i	13	2836.883	2861.217	1730
126	m	1974	25	i	10	2841.183	2862.194	942
127	m	1975	14	r/i	8	1200.133	3050.813	673
128	m	1975	35	i/r	8	899.534	3331.054	945
129	f	1975	68	r	8	2001.911	3195.426	1445
130	m	1976	69	j	16	1201.668	2888.4	884
133	f	1976	17	j	11	1200.504	2778.45	1307
131	m	1976	44	j	16	1867.218	1919.392	1058
132	f	1976	40	j	14	1850.63	1919.392	895
134	m	1976	71	w	u	1326.908	1341.524	812
135	f	1976	68	w	6	1936.488	1937.617	1876
136	f	1976	25	p	12	1532.429	1560	1578
137	f	1976	24	u	9	1939.719	1941.118	1263
138	f	1976	65	p	12	1925.339	1945.665	1654
139	f	1976	45	p	12	1835.102	1837.381	1992
140	f	1976	12	p	6	1505.345	1944.952	1398
141	f	1976	8	p	2	1937.248	1944.952	443
142	m	1977	54	i	12	1199.789	2795.602	1273
143	f	1977	18	i	12	1200.723	2723.601	670
144	f	1977	70	i	11	2841.274	2880	1289
145	m	1977	73	i	u	2804.204	2880	2697
146	m	1977	45	i	12	1201.448	2214.384	1681
147	m	1977	24	i	15	1218.046	2714.098	1282
149	f	1977	12	i	6	1826.267	1835.66	954
153	m	1977	51	a	11	902.344	2865	1059
152	f	1977	39	w	12	900.123	1906.68	1405
154	f	1977	63	w	13	897.883	2860	1299
155	m	1977	65	i	12	899.66	1920	1060
156	f	1977	66	g/i	8	894.558	1755	1202
148	m	1977	20	r	12	887.993	1907.23	1057
150	m	1977	19	a	12	1821.719	1835.66	129
151	m	1977	21	i/g	12	1900.593	1921.58	2575
157	f	1977	49	i	12	900.334	2023.671	621
158	f	1977	34	r	10	899.005	2799.82	1028
159	m	1977	40	i	12	899.787	2864.86	778
160	f	1977	25	i	12	897.083	2709.06	930
161	m	1977	9	p	3	1199.69	1510.877	1358
162	f	1977	49	r	12	901.238	1544.57	914
163	f	1978	55	j	12	1206.033	2460.886	1542
164	m	1978	75	w	12	1200.069	2843.14	1656
165	f	1978	74	g	12	1211.051	2843.763	1430
166	m	1978	74	w	8	1201.153	1899.63	1405
167	f	1978	13	r/g	7	2373.256	2835.775	1145
168	m	1978	14	r/g	8	2404.157	2835.775	844
170	f	1978	33	j	12	953.553	966.183	927
171	f	1978	58	j	u	832.043	1509.289	661
172	f	1978	53	j	18	1293.983	1359.21	1613
169	f	1978	69	j	12	1201.846	2450.412	1910
173	m	1979	65	i	u	898.362	908.315	826
174	m	1979	40	i	12	1216.442	1217.832	1660
175	m	1979	75	i	4	1686.083	1690	721
177	m	1979	54	i	12	2731.223	2741.743	3969
178	m	1979	48	i	16	5838.771	5851.148	7233
179	f	1979	59	i	12	1943.202	1949.429	2794
180	f	1979	25	i	12	597.772	2491.577	366
176	f	1979	75	u	u	1687.443	1690	546
181	f	1979	41	r	12	1200.423	1789.372	1724
182	f	1979	14	r	9	2650.576	2683.06	1457
183	f	1979	12	r	6	2419.229	2683.06	258
184	f	1979	71	i	3	1198.026	2849.195	1680
185	f	1979	48	u	12	1262.725	2836.551	1790
186	m	1979	44	p	11	1231.073	1237.693	658
187	f	1979	44	r	12	1206.423	1237.693	418
188	f	1979	15	p/i	10	1159.527	2660.135	823
189	f	1979	16	g	11	1165.653	2660.135	948
190	f	1979	21	u	12	1199.397	2829.485	2150
191	f	1979	15	r	10	2654.006	2683.06	519
192	m	1980	31	r	12	2705.101	2707.256	3631
193	m	1980	22	a	14	5675.655	5705.11	5039
194	f	1980	35	w	16	2821.963	2836.552	2629
195	m	1980	33	w	18	2816.509	2843.88	1251
196	f	1980	33	w	16	2828.665	2843.88	1854
198	f	1980	27	r	16	1925.661	1927.278	1594
199	f	1980	63	w	12	1925.051	1927.278	236
200	m	1980	24	a	16	2835.298	2856.586	2906
197	f	1980	71	w	16	2833.425	2850.514	3946
201	m	1981	18	a	7	1777.781	1800	3185
202	m	1981	28	a	10	1899.693	1920	1844
203	f	1981	16	a	10	1799.743	2847.584	2117
204	f	1981	16	a	10	1799.976	2760	2286
205	m	1981	27	a	16	1801.376	2850.39	2886
206	f	1981	24	a	12	1809.253	2708.794	1064
207	m	1981	20	a	12	1800.926	2851.58	1729
208	m	1981	29	a	10	1800.192	2674.691	1675
209	m	1981	30	a	12	1557.962	1569.637	1263
210	f	1981	24	a	11	1805.229	2847.25	1806
211	f	1981	30	a	12	2223.333	2872.87	3346
212	m	1981	29	a	13	1799.553	2854.09	2637
213	m	1981	35	a	12	1800.606	2856.61	982
214	m	1981	14	h		1201.588	2182.38	1088
215	m	1981	11	h		808.209	1650.944	653
216	m	1981	17	h		1199.895	2852.819	1067
217	m	1981	18	h		1225.513	1242.728	1234
219	m	1981	11	h		1354.636	1508.703	1479
220	m	1981	15	h		1201.457	2862.491	864
221	f	1981	32	h		1033.443	2862.915	611
222	f	1981	32	h	10	1843.269	2862.915	965
223	m	1981	37	g	4	2842.173	2862.915	1541
218	f	1981	13	h		1198.565	2757.629	927
224	f	1981	72	i	8	2814.148	2841.909	3212
225	f	1981	58	i	14	1755.353	2836.845	1240
226	f	1981	30	i	12	1333.437	1344.542	1094
227	f	1981	30	a	16	7811.179	7840.128	11461
228	f	1981	31	a	12	2731.098	5453.627	3907
229	f	1981	55	a	11	2621.185	2651.936	3330
230	f	1981	66	a	12	5455.903	5491.395	8851
231	m	1981	27	a	12	1800.113	2844.631	1919
232	m	1981	68	i/w/g	8	2827.593	2853.613	3933
233	f	1981	9	a	3	609.962	611.99	509
234	m	1981	3	a	0	551.24	611.99	79
235	f	1981	55	a	11	2984.296	3733.59	3329
236	f	1982	56	i	10	1261.513	1272.051	1227
237	f	1982	43	r	12	2745.263	2753.128	3898
238	m	1982	60	r	12	2793.328	2848.806	1031
239	m	1982	45	r	16	2671.223	2700	4372
240	m	1982	50	r	12	1883.318	2772.872	1195
241	m	1982	28	r	14.5	1199.723	2839.745	1695
242	f	1982	58	i	9	1199.993	2839.39	1226
243	m	1982	49	r		1201.595	2790.67	1257
244	m	1982	45	r	14	2125.122	2134.596	2123
247	f	1982	20	r/o	12	2836.963	2837.871	3700
248	f	1982	41	r	12	2299.233	2311.677	3561
249	f	1982	36	r/p	12	2638.654	2653.9	3306
250	m	1982	38	r/o	16	2670.758	2677.021	2899
251	f	1982	20	s/p	12	1389.382	1390	1989
245	m	1982	69	r	12	2935.977	2938.672	2073
246	f	1982	69	p/r	7	2618.591	2756.094	2259
252	f	1982	10	i	6	1739.018	1758.335	383
253	m	1982	12	i	7	2824.618	2846.92	910
254	f	1982	12	r/i	5	1707.547	1758.335	443
255	f	1982	12	u	5	1749.589	1758.335	422
256	f	1982	11	i	7	2540.598	2720.309	1150
257	f	1982	12	i	7	2696.413	2720.309	1755
258	m	1982	42	i/o	12	2646.361	2658.31	1634
259	f	1982	32	i	12	2733.78	2840.59	346
260	f	1982	45	g/r/o/w	12	2833.401	2840.59	1605
261	m	1982	11	w	6	2796.793	2846.92	1009
262	f	1984	41	w	18	919.403	1831.603	1140
263	f	1984	38	w	18	894.47	2797.499	1263
264	m	1984	43	w	18	898.003	1920	728
265	f	1984	45	j	14	1202.762	2158.69	1972
266	f	1984	65	i	12	1199.302	1814.676	1112
267	f	1984	32	w	16	2032.215	2038.031	1201
268	m	1984	45	g	13.5	1740.942	1752.651	144
269	m	1984	31	h	18	2045.241	2049.651	587
270	f	1984	31	p	16	2016.148	2049.651	980
272	f	1984	30	o	18	2130.354	2138.643	1101
273	f	1984	79	i	12	1199.108	1800	692
274	f	1984	57	i	14	1199.903	1846.013	1594
275	f	1984	62	i	9	1197.803	1892.47	1087
276	f	1984	45	i	12	1739.703	1752.651	1129
271	m	1984	36	r	16	2608.175	2619.384	1909
277	f	1984	64	i	12	1200.968	1896.539	1163
278	m	1984	31	i	8	1059.157	1352.887	1514
279	m	1985	84	o	6	1200.426	2825.155	1406
280	f	1985	75	a	11	1346.327	1355.985	1090
284	f	1985	69	a	12	1202.743	2333.531	1845
281	m	1985	57	a	12	1203.491	2808.543	1837
282	f	1985	25	w	18	1432.556	1476.455	914
283	m	1985	37	w	18	1391.57	1476.455	160
285	f	1985	61	w	12	1205.213	1821.467	1423
302	f	1986	8	u	2	687.109	690	437
303	m	1986	23	i	10	899.753	1116.697	899
304	f	1986	59	u	16	1201.473	2826.97	771
305	f	1986	55	r/p	10	902.288	2847.111	1312
301	m	1986	60	p	12	900.883	2880	1165
291	m	1985	61	i	12	1199.743	2941.94	780
292	m	1985	64	i	11	1210.897	2775.14	1401
293	f	1985	76	i	12	929.358	2627.03	937
294	f	1985	70	i	7	956.637	2579.242	1033
295	m	1985	20	i	12	2725.683	2905.03	536
296	m	1985	24	i	16	2820.185	2905.03	936
297	f	1985	75	i	8	1201.485	2408.86	1697
298	m	1985	35	i	12	839.878	2160	539
299	m	1985	26	r	12	1802.262	2666.27	465
300	m	1985	39	i	16	1200.407	1948.996	1300
290	m	1985	65	i	12	1432.123	2216.536	1540
306	m	1987	18	w	12	1299.333	1309.315	1516
307	f	1987	39	w	12	1514.791	1672.493	1579
308	f	1987	38	o	16	1200.176	1920	1301
309	m	1988	23	w	11	1198.053	2834.98	964
310	f	1988	38	i	9	1194.898	2649.163	1391
311	f	1988	31	i	12	1202.417	2002.944	1895
312	f	1988	21	w	11	1198.138	1959.931	989
313	f	1988	77	i	8	1199.044	3484.966	1261
314	m	1988	24	u	12	1196.398	2435.2	533
315	f	1990	42	r/p	13	902.763	2833.284	1372
317	f	1990	29	r/p	12	906.313	2741.815	1074
318	m	1990	78	r	10	933.358	3050.209	1432
319	m	1990	75	g	11	898.223	1403.864	1220
316	m	1990	60	r	12	897.573	2852.375	551
320	f	1990	45	r/p	12	952.143	965.521	963
321	m	1990	20	g	14	918.324	2672.831	1249
322	m	1990	14	w	8	941.378	2379.22	975
323	m	1990	24	w	11	1194.463	2611.154	1135
324	f	1990	58	r	18	1802.063	2801.609	1743
325	m	1990	56	g	18	1799.303	2801.609	1060
326	f	1990	20	h	12	1210.472	2386.509	976
327	f	1990	34	w	14	2624.245	2640	1381
328	m	1990	30	g/r	12	1367.189	2640	803
329	m	1990	70	w	u	375.073	2697.301	343
330	m	1990	17	i	11	977.843	2697.301	401
331	f	1990	76	w	11	901.173	1358.13	1257
332	f	1990	35	w	16	1783.993	2844.21	1390
333	m	1990	33	w	16	1798.764	2844.21	1258
334	m	1990	39	r/i	16	896.763	2799.129	920
335	f	1990	27	o/g	12	900.78	2826.035	1405
336	f	1990	32	w	12	902.227	2861.564	877
337	m	1991	31	i	12	1804.304	2837.08	2378
338	m	1991	65	i	12	2802.923	2846.16	1314
339	f	1991	28	h	15	5512.196	5529.998	1396
340	m	1991	29	i/p	16	5509.371	5529.998	1821
341	f	1991	16	h	16	5510.775	5529.998	967
342	f	1991	16	u	16	5511.711	5529.998	463
343	m	1991	42	i	12	9170.103	10477.647	3972
344	m	1991	17	i	11	5658.867	5683.48	4870
345	f	1991	45	i	12	2811.668	2832.02	2045
346	m	1991	33	j	16	1398.002	1962.147	722
347	f	1991	33	j	16	1380.132	1962.147	71
348	m	1991	35	i	12	2824.573	2849.22	1678
349	m	1991	22	i	16	2832.904	2846.099	441
350	m	1991	65	r/p	12	2831.535	2846.099	292
351	m	1991	65	i	12	756.978	2846.099	212
352	f	1991	35	g/i	12	2371.583	2849.22	337
353	m	1991	62	g	u	2822.043	2849.22	888
354	m	1991	70	i	10	2426.228	2460	2483
355	f	1991	70	i	11	1801.298	2837.87	1873
356	m	1991	27	i	10	1801.768	2844.965	1583
357	m	1991	65	i	12	2823.148	2846.16	906
358	m	1991	65	i	12	2824.289	2846.16	860
359	f	1992	40	r	16	899.929	2280	1053
360	m	1992	72	w	12	1206.616	2729.637	1292
361	m	1992	55	w	12	1440.316	2849.268	1537
362	f	1992	46	r	12	903.338	2640	954
363	m	1992	68	i	12	2732.374	2735.407	505
364	f	1992	64	i	12	2732.378	2735.407	3206
365	m	1992	76	i	9	2822.123	2837.285	5907
366	f	1992	69	i	8	2667.466	2693.26	3838
367	m	1992	78	i?		1203.29	2733.414	1628
368	f	1994	65	w		610.548	620	415
369	f	1994	35	a		1201.605	1661.86	1894
370	f	1994	84	w		2607.103	2861.16	1508
371	m	1994	86	w		2603.302	2861.16	1256
372	m	1994	35	a		1009.507	1020	778
373	f	1994	16	a		1201.198	3154.51	2032
374	f	1994	77	i	11	2806.858	2821.269	3797
375	m	1994	70	i	11	3030.498	3039.715	2939
376	f	1994	42	i	12	2208.362	2226.129	1381
377	f	1994	20	u	14	2822.544	2829.316	1575
378	f	1994	26	i	9	2820.162	2829.316	479
379	f	1994	81	i		1199.879	2867.08	1454
380	m	1994	40	w	12	2399.403	2674.116	2010
381	f	1996	48	g	12	2815.316	2836.4	3208
382	f	1996	55	p	12	2820.311	2844.985	4776
383	m	1996	24	r/o	16	2669.033	2700	3260
384	m	1996	32	r	12	749.246	767.484	1080
385	m	1996	48	r	12	2303.699	2318.904	1387
386	f	1996	30	r	11	1239.344	2815.674	1670
387	m	1997	45	w	16	1204.773	1758.13	1613
388	m	1997	37	w	21	1200.952	2857.52	1774
389	m	1997	52	w	18	1200.649	1865.083	1778
390	m	1997	33	j	20	1201.418	1897.022	1695
391	m	1997	37	w		1200.981	2873.93	1401
392	m	1997	42			2397.723	2670.091	1237
393	f	1998	56	i	12	902.118	2259.703	1055
394	f	1998	55	i	12	902.006	2834.697	1479
395	f	1998	35	i	12	943.678	952.404	1424
396	f	1998	70	i	12	902.283	1668.368	1253
397	f	1998	42	i	16	898.894	1892.634	1160
73	m	2013	48	i	7	1003.972	1004.217	1451
74	m	2012	48	r	12.5	3244.783	3526.089	2186
75	f	2012	26	r/i	12	1494.257	1497.223	713
76	m	2012	20	i	10	757.149	757.156	753
77	m	2012	14		12	525.161	3690.487	845
286	m	1985	68	i	12	2272.728	2279.965	3063
287	m	1985	32	i	16	899.253	2744.678	970
288	f	1985	11	r/o	6	5119.092	5147.323	5900
289	f	1985	50	i	16	4508.7	4521.564	5568
78	f	2012	31	w	12	2047.722	2047.814	3116
79	f	2012	84	w		5381.134	6442.516	7522
80	f	2012	16	w		2059.709	2063.79	2681
81	f	2012	67	w		3441.023	3442.66	3434
82	f	2012	50	w		901.462	903.535	1108
